BEIDOU G1               
1 36287U 10001A   18282.19954919 -.00000306  00000-0  00000+0 0  9995
2 36287   1.4733   9.8122 0004619 170.1699  49.6788  1.00272849 32012
BEIDOU G3               
1 36590U 10024A   18282.64337466 -.00000345  00000-0  00000+0 0  9992
2 36590   1.4148  25.9109 0016403 101.3099 232.5143  1.00004166 30625
BEIDOU IGSO 1           
1 36828U 10036A   18282.46711819 -.00000164  00000-0  10000-3 0  9991
2 36828  54.1512 188.8400 0072183 232.6923 243.9259  1.00285614 30064
BEIDOU G4               
1 37210U 10057A   18282.69354834 -.00000133  00000-0  00000+0 0  9996
2 37210   0.7525  39.1553 0007315 169.8857 218.9915  1.00271636 29136
BEIDOU IGSO 2           
1 37256U 10068A   18281.77801898 -.00000204  00000-0  10000-3 0  9997
2 37256  52.4660 305.6398 0066892 201.7422 267.3230  1.00296480 28644
BEIDOU IGSO 3           
1 37384U 11013A   18282.26344829 -.00000177  00000-0  10000-3 0  9990
2 37384  58.4461  67.9417 0037622 200.8493 324.1605  1.00273165 27527
BEIDOU IGSO 4           
1 37763U 11038A   18281.82762521 -.00000108  00000-0  10000-3 0  9996
2 37763  54.4473 191.2491 0055479 221.6181 356.3888  1.00258474 26485
BEIDOU IGSO 5           
1 37948U 11073A   18282.52341115 -.00000147  00000-0  10000-3 0  9993
2 37948  52.5367 305.1551 0058394 209.6976 146.8912  1.00268710 25248
BEIDOU G5               
1 38091U 12008A   18282.70522488  .00000034  00000-0  00000+0 0  9995
2 38091   1.6335  65.4840 0002662 269.6781 355.8191  1.00276900 24321
BEIDOU M3               
1 38250U 12018A   18282.60431380 -.00000091  00000-0  10000-3 0  9991
2 38250  56.5196  38.1311 0024674 229.0230 240.7734  1.86234349 44005
BEIDOU M4               
1 38251U 12018B   18281.93158103 -.00000092  00000-0  10000-3 0  9997
2 38251  56.4538  37.5597 0027296 223.9780 201.8277  1.86233319 43993
BEIDOU M6               
1 38775U 12050B   18281.96270745  .00000034  00000-0  00000+0 0  9994
2 38775  54.8995 157.1291 0020539 242.4466  41.7009  1.86232272 41363
BEIDOU G6               
1 38953U 12059A   18282.71028456 -.00000197  00000-0  00000+0 0  9996
2 38953   1.3253  82.4146 0006720 189.8961  85.6378  1.00273723 21898
BEIDOU I1-S             
1 40549U 15019A   18281.54026159 -.00000147  00000-0  00000-0 0  9993
2 40549  53.8842 328.3037 0044079 189.2892 146.0564  1.00250047 12911
BEIDOU-3 M1             
1 40748U 15037A   18282.35984750 -.00000093  00000-0  00000+0 0  9993
2 40748  55.7255  37.2186 0006303 254.1371   7.4233  1.86231427 21822
BEIDOU-3 M2             
1 40749U 15037B   18281.77621280 -.00000093  00000-0  00000+0 0  9995
2 40749  55.7274  37.2279 0006812 274.2090  93.8989  1.86232097 21813
BEIDOU I2-S             
1 40938U 15053A   18282.03846708 -.00000137  00000-0  00000+0 0  9996
2 40938  53.5290 291.2491 0048591 179.7052  16.9710  1.00280342 11204
BEIDOU M3-S             
1 41315U 16006A   18282.30019287  .00000034  00000-0  00000+0 0  9994
2 41315  55.0815 157.4293 0014280 113.5262 246.7238  1.85790554 18304
BEIDOU IGSO 6           
1 41434U 16021A   18282.55684176 -.00000130  00000-0  00000+0 0  9993
2 41434  56.1891  67.1531 0033902 185.2318  60.2328  1.00254875  9334
BEIDOU G7               
1 41586U 16037A   18282.64263188 -.00000376  00000-0  00000+0 0  9996
2 41586   0.7326   5.6184 0007672  21.8823 332.5573  1.00264621  8642
BEIDOU-3 M1             
1 43001U 17069A   18282.68868922  .00000032  00000-0  00000+0 0  9995
2 43001  55.0520 156.9279 0008380 286.9263 256.3524  1.86231842  6313
BEIDOU-3 M2             
1 43002U 17069B   18282.59614233  .00000033  00000-0  00000+0 0  9991
2 43002  55.0538 156.9654 0008811 309.8603 215.9952  1.86231605  6304
BEIDOU-3 M3             
1 43107U 18003A   18282.68757510 -.00000093  00000-0  00000+0 0  9999
2 43107  55.1429  38.7468 0003358  29.9363   2.7924  1.86232905  5072
BEIDOU-3 M4             
1 43108U 18003B   18282.61182517 -.00000093  00000-0  00000+0 0  9992
2 43108  55.1356  38.7451 0003810 217.5719 169.3958  1.86233020  5073
BEIDOU-3 M5             
1 43207U 18018A   18281.94560999  .00000034  00000-0  00000+0 0  9991
2 43207  55.0144 157.1116 0006799 332.8142  27.2355  1.86231578  4440
BEIDOU-3 M6             
1 43208U 18018B   18281.93877778  .00000034  00000-0  00000+0 0  9997
2 43208  55.0132 157.1175 0007879 299.9038  10.7246  1.86231761  4439
BEIDOU-3 M7             
1 43245U 18029A   18282.08259721 -.00000095  00000-0  00000+0 0  9997
2 43245  55.1130  36.5987 0000955 204.4704  52.4257  1.86233017  3596
BEIDOU-3 M8             
1 43246U 18029B   18282.24457597 -.00000095  00000-0  10000-3 0  9992
2 43246  55.1088  36.6272 0003641 311.3548  99.4852  1.86232993  3590
BEIDOU IGSO-7           
1 43539U 18057A   18282.90774390 -.00000148  00000-0  00000+0 0  9998
2 43539  55.0404 187.9572 0021407 177.5893  90.7860  1.00261931  1001
BEIDOU-3 M9             
1 43581U 18062A   18282.53064586 -.00000032  00000-0  00000+0 0  9991
2 43581  54.9416 278.3388 0006440 248.2104 204.3121  1.86231461  1349
BEIDOU-3 M10            
1 43582U 18062B   18281.97277443 -.00000029  00000-0  00000+0 0  9993
2 43582  54.9417 278.3464 0004765 295.4838 233.1751  1.86232038  1331
BEIDOU-3 M11            
1 43602U 18067A   18282.19241291 -.00000030  00000-0  00000+0 0  9990
2 43602  55.0035 276.8479 0005636 322.9169  37.0354  1.86231493   830
BEIDOU-3 M12            
1 43603U 18067B   18282.59565667 -.00000032  00000-0  00000+0 0  9993
2 43603  54.9989 276.8025 0003540 295.9276 245.1081  1.86231592   855
BEIDOU-3 M13            
1 43622U 18072A   18282.56438772  .00000033  00000-0  00000+0 0  9993
2 43622  54.9755 156.6825 0013802 202.8826 347.0397  1.85851106   366
BEIDOU-3 M14            
1 43623U 18072B   18282.02646850  .00000034  00000-0  00000+0 0  9994
2 43623  54.9750 156.7050 0004889 318.1111 321.2735  1.86232806   356
