COSMOS 2425 (716)       
1 29670U 06062A   18282.07763118 -.00000001  00000-0  10000-3 0  9998
2 29670  65.2257 288.6859 0020978 338.0184 347.8279  2.13105012 91737
COSMOS 2426 (717)       
1 29671U 06062B   18282.04344756 -.00000000  00000-0  10000-3 0  9998
2 29671  65.2425 288.7882 0018583 174.2918 340.2505  2.13103099 91749
COSMOS 2433 (720)       
1 32275U 07052A   18282.10295124 -.00000053  00000-0  10000-3 0  9991
2 32275  65.7443  49.5422 0002193 207.4969 328.6746  2.13104642 85257
COSMOS 2432 (719)       
1 32276U 07052B   18282.12444890 -.00000053  00000-0  10000-3 0  9990
2 32276  65.7557  49.6209 0008875 338.0568 166.3174  2.13103911 85257
COSMOS 2434 (721)       
1 32393U 07065A   18282.12519714 -.00000002  00000-0  00000+0 0  9991
2 32393  64.8397 287.6057 0002849 161.3744 279.6531  2.13103047 83963
COSMOS 2436 (723)       
1 32395U 07065C   18282.17343441 -.00000002  00000-0  10000-3 0  9995
2 32395  64.8500 287.6558 0014259 349.3251 179.7719  2.13104426 83898
COSMOS 2456 (730)       
1 36111U 09070A   18282.63808672  .00000036  00000-0  00000+0 0  9997
2 36111  64.1872 167.1905 0004117 323.6151 323.4497  2.13103138 68632
COSMOS 2457 (733)       
1 36112U 09070B   18282.56785531  .00000037  00000-0  00000+0 0  9999
2 36112  64.1671 167.0962 0006000 159.5573 199.9146  2.13101385 68638
COSMOS 2458 (734)       
1 36113U 09070C   18282.43789889  .00000037  00000-0  10000-3 0  9991
2 36113  64.1751 167.1187 0002305  25.1581 279.2197  2.13091458 68636
COSMOS 2459 (731)       
1 36400U 10007A   18282.18459477 -.00000055  00000-0  10000-3 0  9992
2 36400  65.6513  48.5879 0024766 354.4933 102.3213  2.13102211 66982
COSMOS 2461 (735)       
1 36401U 10007B   18281.80359041 -.00000054  00000-0  10000-3 0  9996
2 36401  65.6443  48.5752 0007482  81.0345 354.0641  2.13101894 66977
COSMOS 2460 (732)       
1 36402U 10007C   18281.88337622 -.00000055  00000-0  10000-3 0  9997
2 36402  65.6340  48.5384 0002022 131.5918  45.1095  2.13101618 66972
COSMOS 2464 (736)       
1 37139U 10041C   18282.22133832 -.00000004  00000-0  00000+0 0  9998
2 37139  64.4415 287.3507 0022359   6.1109  16.4855  2.13102807 63056
COSMOS 2471 (701K)      
1 37372U 11009A   18282.12102760 -.00000055  00000-0  00000+0 0  9993
2 37372  65.6304  48.4747 0008466 221.8578 283.5708  2.13107431 59255
COSMOS 2474 (742)       
1 37829U 11055A   18282.76439306  .00000036  00000-0  00000+0 0  9998
2 37829  64.5102 167.9513 0008099 245.9505 355.6019  2.13101932 54636
COSMOS 2476 (744)       
1 37867U 11064A   18282.07418803  .00000036  00000-0  00000+0 0  9993
2 37867  64.4907 168.0337 0017945 240.1212 237.9973  2.13102008 53970
COSMOS 2477 (745)       
1 37868U 11064B   18282.09019615  .00000036  00000-0  00000+0 0  9994
2 37868  64.4998 168.0835 0015664 241.5849  67.6583  2.13101924 53927
COSMOS 2475 (743)       
1 37869U 11064C   18281.79506309  .00000035  00000-0  00000+0 0  9991
2 37869  64.5061 168.0884 0019986 266.9502 132.7376  2.13102344 53934
COSMOS 2485 (747)       
1 39155U 13019A   18281.98733615  .00000036  00000-0  00000+0 0  9997
2 39155  64.6601 168.1715 0018525 235.5311 220.8110  2.13102113 42440
COSMOS 2492 (754)       
1 39620U 14012A   18281.83986120 -.00000055  00000-0  10000-3 0  9990
2 39620  65.5243  48.4099 0012113 331.0306  47.0603  2.13103449 35392
COSMOS 2500 (755)       
1 40001U 14032A   18282.34898135 -.00000056  00000-0  00000+0 0  9998
2 40001  65.4655  48.3537 0006959 189.6235  81.0688  2.13102756 33612
COSMOS 2501 (702K)      
1 40315U 14075A   18282.92306891 -.00000009  00000-0  00000+0 0  9998
2 40315  64.1652 288.4978 0017480 211.4004 300.1255  2.13098632 30033
COSMOS 2514 (751)       
1 41330U 16008A   18282.08229668 -.00000056  00000-0  00000+0 0  9999
2 41330  65.2677  48.3878 0009951 203.8483  43.3860  2.13103254 20777
COSMOS 2516 (753)       
1 41554U 16032A   18281.92617086 -.00000001  00000-0  00000+0 0  9991
2 41554  64.3871 288.4291 0014896 223.4392 154.8861  2.13101797 18381
COSMOS 2522 (752)       
1 42939U 17055A   18282.13502250 -.00000003  00000-0  00000+0 0  9997
2 42939  64.6180 288.4215 0010266 246.1279 158.8500  2.13101996  8142
